4
0 0 64 2 241 217 42 130 200 216 254 67 77 152 85 140 226 179 71 23 17 152 84 47 17 45 5 88 245 107 214 136 7 0 65 2 146 72 51 98 65 243 13 35 229 95 48 209 200 237 97 12 75 2 53 57 129 132 184 20 162 156 180 98 103 65 66 2 72 233 197 241 176 196 21 138 229 155 77 57 246 247 232 161 5 211 254 237 165 213 243 217 228 91 250 108 195 0 
64 2 226 32 174 12 225 6 152 109 97 255 52 161 30 25 253 54 80 233 183 129 143 195 58 30 15 192 44 68 85 0 65 2 80 201 178 222 178 246 181 226 76 79 221 159 136 103 189 206 31 242 97 0 142 120 151 151 14 52 98 7 215 64 
64 2 161 88 41 142 91 162 245 98 70 134 156 196 46 54 42 2 115 18 100 230 6 135 239 83 9 209 8 83 79 0 65 2 248 101 143 180 240 128 183 203 25 238 154 235 215 24 204 79 162 124 140 55 223 193 173 165 209 51 209 58 190 96 66 65 240 33 233 177 183 140 203 216 47 127 242 179 140 109 72 208 30 72 27 45 79 175 113 113 128 95 215 242 211 0 
64 2 155 148 150 232 29 171 129 147 179 115 126 27 39 217 196 57 87 22 100 65 185 53 21 232 240 60 149 216 232 0 64 2 104 221 252 89 50 19 1 9 57 11 15 31 229 202 113 104 5 248 54 46 152 220 202 173 200 106 219 237 37 64 
64 2 207 166 38 67 25 221 175 232 58 137 197 31 60 109 25 157 56 222 16 230 96 195 123 232 114 195 242 179 22 0 65 2 201 89 2 185 16 50 98 205 185 65 247 115 118 245 211 219 183 163 213 163 135 121 127 196 129 154 3 94 202 64 
64 2 179 113 16 238 127 32 107 12 136 5 170 235 244 150 62 124 71 8 206 141 78 9 35 102 231 23 146 168 163 0 65 2 205 238 50 27 62 21 56 12 84 30 240 147 8 136 150 159 116 87 175 225 133 136 130 106 65 157 88 49 28 64 
64 2 132 181 72 78 236 219 57 63 106 10 202 17 185 29 240 134 107 80 11 141 238 80 31 215 235 155 206 9 161 0 65 2 116 18 75 70 5 173 252 7 119 190 217 129 109 141 126 132 136 84 74 24 216 4 92 179 40 59 10 117 43 96 66 65 95 80 15 173 181 144 16 230 61 27 102 79 139 218 45 191 51 203 107 226 28 142 179 236 169 217 213 191 20 0 
64 2 87 126 208 209 229 229 96 135 81 9 179 64 152 5 128 71 61 188 46 104 154 59 232 56 231 122 10 51 72 0 64 2 191 129 218 54 241 134 140 165 210 71 136 250 76 12 119 139 240 209 35 20 40 84 149 99 101 22 207 64 134 128 65 65 61 115 127 211 93 187 89 28 91 93 37 145 110 177 216 97 118 177 78 14 103 210 208 57 87 240 207 108 135 0 66 2 75 243 40 84 5 136 54 11 167 199 197 248 133 65 99 79 183 186 222 95 148 255 103 29 31 235 220 189 161 0 
64 2 144 56 237 118 121 137 108 41 25 139 38 87 181 140 80 234 5 79 100 79 65 41 200 186 141 141 84 75 114 0 65 2 221 64 117 67 152 4 103 150 224 56 98 111 239 146 55 206 91 97 91 192 134 119 238 90 191 189 133 247 63 96 66 65 136 104 203 27 95 186 76 19 9 241 96 97 170 19 56 33 251 226 167 88 210 187 230 170 4 10 148 13 65 0 
64 2 211 184 105 206 233 69 21 10 164 164 14 111 247 25 238 194 75 38 129 205 92 224 107 80 39 52 54 88 64 0 64 2 239 237 115 21 117 145 137 214 136 21 221 185 229 248 215 253 83 182 236 9 102 22 167 115 185 66 31 103 4 96 65 65 110 244 228 132 186 12 108 90 72 85 199 28 51 165 74 200 43 232 3 229 207 209 117 119 159 196 68 183 230 0 
64 2 238 250 190 188 12 249 151 84 136 124 123 10 39 175 221 196 21 248 160 44 90 241 239 234 38 173 30 93 146 0 65 2 226 154 143 175 91 33 134 195 9 79 74 19 123 207 170 101 215 178 116 33 77 182 76 134 243 8 91 36 147 64 
64 2 49 10 111 6 65 129 226 152 210 48 98 171 200 23 186 23 48 35 200 192 76 92 58 30 203 244 175 114 55 0 65 2 56 31 246 152 101 200 240 227 199 11 147 28 69 167 65 155 60 68 24 66 235 250 204 61 7 10 195 180 51 122 66 65 18 11 110 133 183 45 173 207 64 178 59 23 60 52 246 190 27 25 1 246 98 31 20 151 176 133 207 142 153 0 67 2 152 110 248 255 58 136 154 2 56 151 153 131 168 104 111 105 225 14 249 36 154 135 52 68 
200 80 31 25 168 0 68 2 134 112 247 72 250 64 28 64 32 174 8 109 113 87 163 131 126 199 33 222 240 214 224 149 146 140 91 120 237 0 64 2 149 86 12 227 61 91 34 119 139 230 109 206 242 210 24 120 212 129 223 244 26 77 237 134 253 65 234 180 189 0 65 2 126 196 15 210 111 29 217 84 202 132 163 181 59 132 233 144 48 86 232 64 131 122 19 144 243 123 184 173 231 0 66 2 218 193 228 101 216 17 145 101 71 235 75 106 22 48 130 233 131 54 52 161 34 76 84 246 129 184 220 112 167 0 
64 2 70 113 212 151 12 204 128 226 22 140 233 32 204 143 160 123 31 144 233 137 141 22 1 153 19 237 91 142 232 0 64 2 137 86 1 253 32 228 159 215 62 111 93 36 192 217 126 103 135 21 57 240 228 227 44 203 102 119 175 240 51 96 65 65 243 121 9 69 233 64 57 229 26 99 179 200 64 183 78 48 83 217 92 167 28 13 58 194 10 144 101 130 141 0 
64 2 91 251 97 136 168 242 145 251 30 180 225 238 208 62 47 95 85 140 0 216 227 8 65 32 222 235 139 254 144 0 65 2 179 106 137 106 69 214 36 231 147 114 204 24 223 55 219 45 32 201 114 109 79 239 123 236 242 32 19 139 83 64 
64 2 85 175 243 63 47 147 221 150 70 75 243 232 131 252 87 80 189 190 121 188 47 130 66 127 65 222 66 101 154 0 65 2 17 215 206 248 8 80 3 70 157 248 201 211 84 20 128 198 132 23 7 206 76 143 61 0 58 249 130 173 53 96 66 65 61 15 163 177 238 82 166 218 179 98 3 217 154 236 23 154 86 91 80 80 244 128 35 92 59 197 96 170 40 0 
64 2 93 213 82 91 250 37 78 88 74 134 253 189 75 204 91 86 85 27 173 0 37 92 183 47 128 109 127 60 83 0 65 2 33 176 134 64 7 175 186 78 15 249 99 133 23 250 141 120 143 82 118 111 58 40 197 124 66 139 253 212 35 128 66 65 96 206 128 68 223 30 31 186 88 232 177 217 197 167 157 42 196 89 47 195 23 2 247 232 51 81 210 22 12 0 67 2 197 206 165 84 242 201 58 97 192 64 226 37 97 45 242 181 80 144 11 9 126 24 99 131 80 227 186 21 201 0 
64 2 83 206 24 97 59 10 148 120 49 251 88 40 79 143 41 26 128 167 144 153 192 93 250 57 79 252 30 130 124 0 65 2 7 134 135 94 91 20 149 204 134 113 243 161 38 211 74 239 151 130 254 141 14 178 32 127 91 197 133 118 71 128 66 65 174 161 41 195 124 192 125 18 79 43 217 185 230 24 232 34 46 123 131 107 72 58 222 25 10 93 119 14 234 0 67 2 94 251 187 17 230 203 33 143 100 69 107 134 143 208 122 199 119 183 158 125 129 174 108 48 147 167 118 121 38 0 
64 2 104 3 144 154 74 250 222 182 112 203 253 121 229 134 206 4 77 215 131 134 220 25 132 169 5 11 7 114 219 0 65 2 209 137 37 81 21 69 252 56 40 147 171 104 20 115 70 122 125 247 97 161 81 111 196 171 200 148 50 142 239 135 66 65 159 209 137 51 53 172 144 0 86 55 223 205 62 189 223 105 76 109 234 48 10 39 44 78 230 147 31 80 100 0 67 2 181 237 217 247 40 216 244 147 13 62 225 189 91 153 159 174 3 44 177 105 55 221 2 122 206 41 102 142 165 0 68 2 11 103 163 95 101 
118 154 211 254 28 111 195 190 21 178 76 164 115 5 119 168 130 98 194 123 18 54 150 62 0 64 2 210 224 248 223 197 42 54 176 60 52 169 216 116 32 69 233 186 115 185 237 139 127 201 1 243 72 58 221 208 0 65 2 62 72 116 114 121 69 65 37 92 220 100 242 252 118 223 177 14 41 255 115 114 33 186 190 173 221 86 168 114 0 66 2 153 13 5 171 113 56 174 71 173 62 219 238 74 174 38 39 27 53 173 27 134 6 188 119 39 183 113 66 226 0 
64 2 130 204 169 116 251 26 204 212 159 243 157 254 154 110 95 202 235 164 19 88 194 36 65 214 122 230 237 53 160 0 64 2 33 161 92 186 96 60 247 12 124 95 164 189 197 177 138 49 21 147 241 111 151 142 72 65 237 199 195 89 41 160 65 65 221 6 244 201 239 92 67 80 207 5 150 212 216 113 74 74 133 21 158 231 100 155 153 174 103 184 124 188 167 0 66 2 225 167 239 32 0 46 125 187 177 170 176 27 79 209 106 189 220 102 206 226 72 200 57 82 94 113 111 164 2 0 67 2 111 8 190 195 34 15 11 43 71 27 118 205 7 26 36 167 184 115 196 127 88 17 174 171 57 235 166 38 51 0 
64 2 181 136 228 138 221 31 15 210 208 139 167 68 60 75 57 49 173 75 38 125 163 79 168 224 132 5 192 220 161 0 65 2 217 23 104 118 78 239 54 93 194 237 181 41 182 209 79 77 106 180 48 216 69 141 159 245 19 130 24 249 156 64 
64 2 0 103 171 167 154 169 23 118 251 212 157 237 8 146 13 212 10 167 221 82 102 5 37 47 112 133 14 133 214 0 64 2 46 8 31 172 5 235 31 248 193 172 202 78 67 216 78 189 108 51 250 139 182 39 155 10 34 231 145 203 35 128 65 65 80 244 200 107 157 232 177 116 37 168 148 153 109 11 238 130 178 190 212 83 189 209 24 7 24 50 192 241 73 0 66 2 19 224 242 90 105 247 211 62 118 76 63 151 218 87 217 159 60 140 41 106 43 137 214 210 10 108 113 8 70 0 
64 2 254 2 47 218 84 252 86 77 206 68 174 79 252 66 63 194 38 254 38 54 211 223 169 206 27 226 140 78 88 0 65 2 203 16 11 54 87 76 15 98 117 57 89 115 223 183 176 227 90 179 79 71 233 215 25 246 110 107 60 29 199 128 66 65 158 91 38 40 205 178 85 225 80 231 139 62 150 17 11 57 93 165 255 242 207 62 70 126 62 146 210 179 29 0 67 2 115 233 172 15 112 68 227 29 185 157 139 172 63 61 215 160 27 180 175 23 189 24 245 16 132 148 116 182 135 0 
64 2 156 253 248 220 238 127 33 210 32 121 93 140 181 28 205 67 233 30 182 47 198 227 155 110 71 59 201 203 84 0 65 2 241 99 34 242 65 36 14 52 207 93 58 140 126 142 185 201 240 176 129 138 75 148 21 15 5 232 6 39 248 96 66 65 244 174 166 139 133 96 84 215 37 104 64 54 147 23 95 151 208 199 4 9 18 106 109 246 156 183 61 193 94 0 
64 2 223 127 105 237 29 48 114 251 223 238 200 216 150 29 163 230 81 53 46 198 57 189 93 67 87 111 201 55 237 0 65 2 101 78 165 184 227 69 157 56 140 165 153 200 136 95 130 24 248 213 184 130 248 110 162 150 38 226 173 123 159 96 66 65 145 185 14 135 117 185 225 128 32 3 146 99 198 83 36 144 195 50 201 43 184 140 255 253 240 16 212 199 157 0 
64 2 183 200 93 33 96 57 55 9 15 240 169 227 104 124 253 223 181 54 89 184 33 170 246 127 231 237 231 6 59 0 65 2 215 97 177 157 197 16 89 212 227 9 247 25 112 50 52 227 184 106 44 72 205 153 204 164 140 172 92 17 26 141 66 65 143 215 203 221 138 94 91 136 71 109 7 81 61 219 255 94 244 144 240 121 199 187 32 2 249 142 100 113 168 0 67 2 109 241 127 199 54 247 167 195 97 169 69 183 250 130 5 191 93 203 233 48 75 46 208 208 240 18 199 3 108 0 68 2 140 25 142 98 243 176 117 192 89 172 191 
